10101010101010101010101010101010101010101010101010101010101010101010101010101010101010101010101010101010101010101010101010101010101010101010101010101010101010101010101010101010101010101010101010101010
10101010101010101010101010101010101010101010101010101010101010101010101010101010101010101010101010101010101010101010101010101010101010101010101010101010101010101010101010101010101010101010101010101010
10101010111111111111111111111111111111111111111111111111111111111111111111111111111111111111111111111111111111111111111111111111111111111111111111111111111111111111111111111111111111111111111110101010
10101010101111111111111111111111111111111111111111111111111111111111111111111111111111111111111111111111111111111111111111111111111111111111111111111111111111111111111111111111111111111111111010101010
10101110101011111111111111111111111111111111111111111111111111111111111111111111111111111111111111111111111111111111111111111111111111111111111111111111111111111111111111111111111111111111101010111010
10101111101010111111111111111111111111111111111111111111111111111111111111111111111111111111111111111111111111111111111111111111111111111111111111111111111111111111111111111111111111111110101011111010
10101111111010101111111111111111111111111111111111111111111111111111111111111111111111111111111111111111111111111111111111111111111111111111111111111111111111111111111111111111111111111010101111111010
10101111111110101011111111111111111111111111111111111111111111111111111111111111111111111111111111111111111111111111111111111111111111111111111111111111111111111111111111111111111111101010111111111010
10101111111111101010111111111111111111111111111111111111111111111111111111111111111111111111111111111111111111111111111111111111111111111111111111111111111111111111111111111111111110101011111111111010
10101111111111111010101111111111111111111111111111111111111111111111111111111111111111111111111111111111111111111111111111111111111111111111111111111111111111111111111111111111111010101111111111111010
10101111111111111110101011111111111111111111111111111111111111111111111111111111111111111111111111111111111111111111111111111111111111111111111111111111111111111111111111111111101010111111111111111010
10101111111111111111101010111111111111111111111111111111111111111111111111111111111111111111111111111111111111111111111111111111111111111111111111111111111111111111111111111110101011111111111111111010
10101111111111111111111110101111111111111111111111111111111111111111111111111111111111111111111111111111111111111111111111111111111111111111111111111111111111111111111111111010111111111111111111111010
10101111111111111111111111101010111111111111111111111111111111111111111111111111111111111111111111111111111111111111111111111111111111111111111111111111111111111111111110101011111111111111111111111010
10101111111111111111111111111010101111111111111111111111111111111111111111111111111111111111111111111111111111111111111111111111111111111111111111111111111111111111111010101111111111111111111111111010
10101111111111111111111111111110101011111111111111111111111111111111111111111111111111111111111111111111111111111111111111111111111111111111111111111111111111111111101010111111111111111111111111111010
10101111111111111111111111111111101010111111111111111111111111111111111111111111111111111111111111111111111111111111111111111111111111111111111111111111111111111110101011111111111111111111111111111010
10101111111111111111111111111111111010101111111111111111111111111111111111111111111111111111111111111111111111111111111111111111111111111111111111111111111111111010101111111111111111111111111111111010
10101111111111111111111111111111111110101011111111111111111111111111111111111111111111111111111111111111111111111111111111111111111111111111111111111111111111101010111111111111111111111111111111111010
10101111111111111111111111111111111111101010111111111111111111111111111111111111111111111111111111111111111111111111111111111111111111111111111111111111111110101011111111111111111111111111111111111010
10101111111111111111111111111111111111111010101111111111111111111111111111111111111111111111111111111111111111111111111111111111111111111111111111111111111010101111111111111111111111111111111111111010
10101111111111111111111111111111111111111110101011111111111111111111111111111111111111111111111111111111111111111111111111111111111111111111111111111111101010111111111111111111111111111111111111111010
10101111111111111111111111111111111111111111101010111111111111111111111111111111111111111111111111111111111111111111111111111111111111111111111111111110101011111111111111111111111111111111111111111010
10101111111111111111111111111111111111111111111010101111111111111111111111111111111111111111111111111111111111111111111111111111111111111111111111111010101111111111111111111111111111111111111111111010
10101111111111111111111111111111111111111111111110101011111111111111111111111111111111111111111111111111111111111111111111111111111111111111111111101010111111111111111111111111111111111111111111111010
10101111111111111111111111111111111111111111111111101010111111111111111111111111111111111111111111111111111111111111111111111111111111111111111110101011111111111111111111111111111111111111111111111010
10101111111111111111111111111111111111111111111111111010101111111111111111111111111111111111111111111111111111111111111111111111111111111111111010101111111111111111111111111111111111111111111111111010
10101111111111111111111111111111111111111111111111111110101011111111111111111111111111111111111111111111111111111111111111111111111111111111101010111111111111111111111111111111111111111111111111111010
10101111111111111111111111111111111111111111111111111111101010111111111111111111111111111111111111111111111111111111111111111111111111111110101011111111111111111111111111111111111111111111111111111010
10101111111111111111111111111111111111111111111111111111111010101111111111111111111111111111111111111111111111111111111111111111111111111010101111111111111111111111111111111111111111111111111111111010
10101111111111111111111111111111111111111111111111111111111110101011111111111111111111111111111111111111111111111111111111111111111111101010111111111111111111111111111111111111111111111111111111111010
10101111111111111111111111111111111111111111111111111111111111101010111111111111111111111111111111111111111111111111111111111111111110101011111111111111111111111111111111111111111111111111111111111010
10101111111111111111111111111111111111111111111111111111111111111010101111111111111111111111111111111111111111111111111111111111111010101111111111111111111111111111111111111111111111111111111111111010
10101111111111111111111111111111111111111111111111111111111111111110101011111111111111111111111111111111111111111111111111111111101010111111111111111111111111111111111111111111111111111111111111111010
10101111111111111111111111111111111111111111111111111111111111111111101010111111111111111111111111111111111111111111111111111110101011111111111111111111111111111111111111111111111111111111111111111010
10101111111111111111111111111111111111111111111111111111111111111111111010101111111111111111111111111111111111111111111111111010101111111111111111111111111111111111111111111111111111111111111111111010
10101111111111111111111111111111111111111111111111111111111111111111111111101011111111111111111111111111111111111111111111101011111111111111111111111111111111111111111111111111111111111111111111111010
10101111111111111111111111111111111111111111111111111111111111111111111111111010101111111111111111111111111111111111111010101111111111111111111111111111111111111111111111111111111111111111111111111010
10101111111111111111111111111111111111111111111111111111111111111111111111111110101011111111111111111111111111111111101010111111111111111111111111111111111111111111111111111111111111111111111111111010
10101111111111111111111111111111111111111111111111111111111111111111111111111111101010111111111111111111111111111110101011111111111111111111111111111111111111111111111111111111111111111111111111111010
10101111111111111111111111111111111111111111111111111111111111111111111111111111111010101111111111111111111111111010101111111111111111111111111111111111111111111111111111111111111111111111111111111010
10101111111111111111111111111111111111111111111111111111111111111111111111111111111110101011111111111111111111101010111111111111111111111111111111111111111111111111111111111111111111111111111111111010
10101111111111111111111111111111111111111111111111111111111111111111111111111111111010101010111111111111111110101010101111111111111111111111111111111111111111111111111111111111111111111111111111111010
10101111111111111111111111111111111111111111111111111111111111111111111111111111101010111010101111111111111010101110101011111111111111111111111111111111111111111111111111111111111111111111111111111010
10101111111111111111111111111111111111111111111111111111111111111111111111111010101011111110101011111111101010111111101010101111111111111111111111111111111111111111111111111111111111111111111111111010
10101111111111111111111111111111111111111111111111111111111111111111111111101010111111111111101010111110101011111111111110101011111111111111111111111111111111111111111111111111111111111111111111111010
10101111111111111111111111111111111111111111111111111111111111111111111010101011111111111111111010110010101111111111111111101010101111111111111111111111111111111111111111111111111111111111111111111010
10101111111111111111111111111111111111111111111111111111111111111111101010111111111111111111111110101010111111111111111111111110101011111111111111111111111111111111111111111111111111111111111111111010
10101111111111111111111111111111111111111111111111111111111111111110101011111111111111111111111111101011111111111111111111111111101010111111111111111111111111111111111111111111111111111111111111111010
10101111111111111111111111111111111111111111111111111111111111101010101111111111111111111111111111111111111111111111111111111111111010101011111111111111111111111111111111111111111111111111111111111010
10101111111111111111111111111111111111111111111111111111111110101011111111111111111111111111111111111111111111111111111111111111111111101010111111111111111111111111111111111111111111111111111111111010
10101111111111111111111111111111111111111111111111111111111010101111111111111111111111111111111111111111111111111111111111111111111111111010101111111111111111111111111111111111111111111111111111111010
10101111111111111111111111111111111111111111111111111110101010111111111111111111111111111111111111111111111111111111111111111111111111111110101010111111111111111111111111111111111111111111111111111010
10101111111111111111111111111111111111111111111111111010101111111111111111111111111111111111111111111111111111111111111111111111111111111111111010101111111111111111111111111111111111111111111111111010
10101111111111111111111111111111111111111111111111101010111111111111111111111111111111111111111111111111111111111111111111111111111111111111111110101011111111111111111111111111111111111111111111111010
10101111111111111111111111111111111111111111111010101111111111111111111111111111111111111111111111111111111111111111111111111111111111111111111111111010101111111111111111111111111111111111111111111010
10101111111111111111111111111111111111111111101010111111111111111111111111111111111111111111111111111111111111111111111111111111111111111111111111111110101011111111111111111111111111111111111111111010
10101111111111111111111111111111111111111010101011111111111111111111111111111111111111111111111111111111111111111111111111111111111111111111111111111111101010101111111111111111111111111111111111111010
10101111111111111111111111111111111111101010111111111111111111111111111111111111111111111111111111111111111111111111111111111111111111111111111111111111111110101011111111111111111111111111111111111010
10101111111111111111111111111111111110101011111111111111111111111111111111111111111111111111111111111111111111111111111111111111111111111111111111111111111111101010111111111111111111111111111111111010
10101111111111111111111111111111101010101111111111111111111111111111111111111111111111111111111111111111111111111111111111111111111111111111111111111111111111111010101011111111111111111111111111111010
10101111111111111111111111111110101011111111111111111111111111111111111111111111111111111111111111111111111111111111111111111111111111111111111111111111111111111111101010111111111111111111111111111010
10101111111111111111111111111010101111111111111111111111111111111111111111111111111111111111111111111111111111111111111111111111111111111111111111111111111111111111111010101111111111111111111111111010
10101111111111111111111110101010111111111111111111111111111111111111111111111111111111111111111111111111111111111111111111111111111111111111111111111111111111111111111110101010111111111111111111111010
10101111111111111111111010101111111111111111111111111111111111111111111111111111111111111111111111111111111111111111111111111111111111111111111111111111111111111111111111111010101111111111111111111010
10101111111111111110101010111111111111111111111111111111111111111111111111111111111111111111111111111111111111111111111111111111111111111111111111111111111111111111111111111110101010111111111111111010
10101111111111111010101111111111111111111111111111111111111111111111111111111111111111111111111111111111111111111111111111111111111111111111111111111111111111111111111111111111111010101111111111111010
10101111111111101010111111111111111111111111111111111111111111111111111111111111111111111111111111111111111111111111111111111111111111111111111111111111111111111111111111111111111110101011111111111010
10101111111010101011111111111111111111111111111111111111111111111111111111111111111111111111111111111111111111111111111111111111111111111111111111111111111111111111111111111111111111101010101111111010
10101111101010111111111111111111111111111111111111111111111111111111111111111111111111111111111111111111111111111111111111111111111111111111111111111111111111111111111111111111111111111110101011111010
10101110101011111111111111111111111111111111111111111111111111111111111111111111111111111111111111111111111111111111111111111111111111111111111111111111111111111111111111111111111111111111101010111010
10101010101111111111111111111111111111111111111111111111111111111111111111111111111111111111111111111111111111111111111111111111111111111111111111111111111111111111111111111111111111111111111010101010
10101010101010101010101010101010101010101010101010101010101010101010101010101010101010101010101010101010101010101010101010101010101010101010101010101010101010101010101010101010101010101010101010101010
10101010101010101010101010101010101010101010101010101010101010101010101010101010101010101010101010101010101010101010101010101010101010101010101010101010101010101010101010101010101010101010101010101010
